    51.00000    
    91.80000    
    132.6000    
    173.4000    
    214.2000    
    255.0000    
    295.8000    
    336.6000    
    377.4000    
    418.2000    
    459.0000    
    499.8000    
    540.6000    
    581.4000    
    622.2000    
    663.0000    
    703.8000    
    744.6000    
    785.4000    
    826.2000    
    867.0000    
    907.8000    
    948.6000    
    989.4000    
    1030.200    
    1071.000    
    1111.800    
    1152.600    
    1193.400    
    1234.200    
    1275.000    
    1315.800    
    1356.600    
    1397.400    
    1438.200    
    1479.000    
    1519.800    
    1560.600    
    1601.400    
    1642.200    
    1683.000    
    1723.800    
    1764.600    
    1805.400    
    1846.200    
    1887.000    
    1927.800    
    1968.600    
    2009.400    
    2050.200    
    2091.000    
    2131.800    
    2172.600    
    2213.400    
    2254.200    
    2295.000    
    2335.800    
    2376.600    
    2417.400    
    2458.200    
    2499.000    
    2539.800    
    2580.600    
    2621.400    
    2662.200    
    2703.000    
    2743.800    
    2784.600    
    2825.400    
    2866.200    
    2907.000    
    2947.800    
    2988.600    
    3029.400    
    3070.200    
    3111.000    
    3151.800    
    3192.600    
    3233.400    
    3274.200    
    3315.000    
    3355.800    
    3396.600    
    3437.400    
    3478.200    
    3519.000    
    3559.800    
    3600.600    
    3641.400    
    3682.200    
    3723.000    
    3763.800    
    3804.600    
    3845.400    
    3886.200    
    3927.000    
    3967.800    
    4008.600    
    4049.400    
    4090.200    
    4131.000    
    4171.800    
    4212.600    
    4253.400    
    4294.200    
    4335.000    
    4375.800    
    4416.600    
    4457.400    
    4498.200    
    4539.000    
    4579.800    
    4620.600    
    4661.400    
    4702.200    
    4743.000    
    4783.800    
    4824.600    
    4865.400    
    4906.200    
    4947.000    
    4987.800    
    5028.600    
    5069.400    
    5110.200    
    5151.000    
    5191.800    
    5232.600    
    5273.400    
    5314.200    
    5355.000    
    5395.800    
    5436.600    
    5477.400    
    5518.200    
    5559.000    
    5599.800    
    5640.600    
    5681.400    
    5722.200    
    5763.000    
    5803.800    
    5844.600    
    5885.400    
    5926.200    
    5967.000    
    6007.800    
    6048.600    
    6089.400    
    6130.200    
    6171.000    
    6211.800    
    6252.600    
    6293.400    
    6334.200    
    6375.000    
    6415.800    
    6456.600    
    6497.400    
    6538.200    
    6579.000    
    6619.800    
    6660.600    
    6701.400    
    6742.200    
    6783.000    
    6823.800    
    6864.600    
    6905.400    
    6946.200    
    6987.000    
    7027.800    
    7068.600    
    7109.400    
    7150.200    
    7191.000    
    7231.800    
    7272.600    
    7313.400    
    7354.200    
    7395.000    
    7435.800    
    7476.600    
    7517.400    
    7558.200    
    7599.000    
    7639.800    
    7680.600    
    7721.400    
    7762.200    
    7803.000    
    7843.800    
    7884.600    
    7925.400    
    7966.200    
    8007.000    
    8047.800    
    8088.600    
    8129.400    
    8170.200    
    8211.000    
    8251.800    
    8292.600    
    8333.400    
    8374.200    
    8415.000    
    8455.800    
    8496.600    
    8537.400    
    8578.200    
    8619.000    
    8659.800    
    8700.600    
    8741.400    
    8782.200    
    8823.000    
    8863.800    
    8904.600    
    8945.400    
    8986.200    
    9027.000    
    9067.800    
    9108.600    
    9149.400    
    9190.200    
    9231.000    
    9271.800    
    9312.600    
    9353.400    
    9394.200    
    9435.000    
    9475.800    
    9516.600    
    9557.400    
    9598.200    
    9639.000    
    9679.800    
    9720.600    
    9761.400    
    9802.200    
    9843.000    
    9883.800    
    9924.600    
    9965.400    
    10006.20    
    10047.00    
    10087.80    
    10128.60    
    10169.40    
    10210.20    
    10251.00    
    10291.80    
    10332.60    
    10373.40    
    10414.20    
    10455.00    
    10495.80    
    10536.60    
    10577.40    
    10618.20    
    10659.00    
    10699.80    
    10740.60    
    10781.40    
    10822.20    
    10863.00    
    10903.80    
    10944.60    
    10985.40    
    11026.20    
    11067.00    
    11107.80    
    11148.60    
    11189.40    
    11230.20    
    11271.00    
    11311.80    
    11352.60    
    11393.40    
    11434.20    
    11475.00    
    11515.80    
    11556.60    
    11597.40    
    11638.20    
    11679.00    
    11719.80    
    11760.60    
    11801.40    
    11842.20    
    11883.00    
    11923.80    
    11964.60    
    12005.40    
    12046.20    
    12087.00    
    12127.80    
    12168.60    
    12209.40    
    12250.20    
    12291.00    
    12331.80    
    12372.60    
    12413.40    
    12454.20    
    12495.00    
    12535.80    
    12576.60    
    12617.40    
    12658.20    
    12699.00    
    12739.80    
    12780.60    
    12821.40    
    12862.20    
    12903.00    
    12943.80    
    12984.60    
    13025.40    
    13066.20    
    13107.00    
    13147.80    
    13188.60    
    13229.40    
    13270.20    
    13311.00    
    13351.80    
    13392.60    
    13433.40    
    13474.20    
    13515.00    
    13555.80    
    13596.60    
    13637.40    
    13678.20    
    13719.00    
    13759.80    
    13800.60    
    13841.40    
    13882.20    
    13923.00    
    13963.80    
    14004.60    
    14045.40    
    14086.20    
    14127.00    
    14167.80    
    14208.60    
    14249.40    
    14290.20    
    14331.00    
    14371.80    
    14412.60    
    14453.40    
    14494.20    
    14535.00    
    14575.80    
    14616.60    
    14657.40    
    14698.20    
    14739.00    
    14779.80    
    14820.60    
    14861.40    
    14902.20    
    14943.00    
    14983.80    
    15024.60    
    15065.40    
    15106.20    
    15147.00    
    15187.80    
    15228.60    
    15269.40    
    15310.20    
    15351.00    
    15391.80    
    15432.60    
    15473.40    
    15514.20    
    15555.00    
    15595.80    
    15636.60    
    15677.40    
    15718.20    
    15759.00    
    15799.80    
    15840.60    
    15881.40    
    15922.20    
    15963.00    
    16003.80    
    16044.60    
    16085.40    
    16126.20    
    16167.00    
    16207.80    
    16248.60    
    16289.40    
    16330.20    
    16371.00    
    16411.80    
    16452.60    
    16493.40    
    16534.20    
    16575.00    
    16615.80    
    16656.60    
    16697.40    
    16738.20    
    16779.00    
    16819.80    
    16860.60    
    16901.40    
    16942.20    
    16983.00    
    17023.80    
    17064.60    
    17105.40    
    17146.20    
    17187.00    
    17227.80    
    17268.60    
    17309.40    
    17350.20    
    17391.00    
    17431.80    
    17472.60    
    17513.40    
    17554.20    
    17595.00    
    17635.80    
    17676.60    
    17717.40    
    17758.20    
    17799.00    
    17839.80    
    17880.60    
    17921.40    
    17962.20    
    18003.00    
    18043.80    
    18084.60    
    18125.40    
    18166.20    
    18207.00    
    18247.80    
    18288.60    
    18329.40    
    18370.20    
    18411.00    
    18451.80    
    18492.60    
    18533.40    
    18574.20    
    18615.00    
    18655.80    
    18696.60    
    18737.40    
    18778.20    
    18819.00    
    18859.80    
    18900.60    
    18941.40    
    18982.20    
    19023.00    
    19063.80    
    19104.60    
    19145.40    
    19186.20    
    19227.00    
    19267.80    
    19308.60    
    19349.40    
    19390.20    
    19431.00    
    19471.80    
    19512.60    
    19553.40    
    19594.20    
    19635.00    
    19675.80    
    19716.60    
    19757.40    
    19798.20    
    19839.00    
    19879.80    
    19920.60    
    19961.40    
    20002.20    
    20043.00    
    20083.80    
    20124.60    
    20165.40    
    20206.20    
    20247.00    
    20287.80    
    20328.60    
    20369.40    
    20410.20    
    20451.00    
    20491.80    
    20532.60    
    20573.40    
    20614.20    
    20655.00    
    20695.80    
    20736.60    
    20777.40    
    20818.20    
    20859.00    
    20899.80    
    20940.60    
    20981.40    
    21022.20    
    21063.00    
    21103.80    
    21144.60    
    21185.40    
    21226.20    
    21267.00    
    21307.80    
    21348.60    
    21389.40    
    21430.20    
    21471.00    
    21511.80    
    21552.60    
    21593.40    
    21634.20    
    21675.00    
    21715.80    
    21756.60    
    21797.40    
    21838.20    
    21879.00    
    21919.80    
    21960.60    
    22001.40    
    22042.20    
    22083.00    
    22123.80    
    22164.60    
    22205.40    
    22246.20    
    22287.00    
    22327.80    
    22368.60    
    22409.40    
    22450.20    
    22491.00    
    22531.80    
    22572.60    
    22613.40    
    22654.20    
    22695.00    
    22735.80    
    22776.60    
    22817.40    
    22858.20    
    22899.00    
    22939.80    
    22980.60    
    23021.40    
    23062.20    
    23103.00    
    23143.80    
    23184.60    
    23225.40    
    23266.20    
    23307.00    
    23347.80    
    23388.60    
    23429.40    
    23470.20    
    23511.00    
    23551.80    
    23592.60    
    23633.40    
    23674.20    
    23715.00    
    23755.80    
    23796.60    
    23837.40    
    23878.20    
    23919.00    
    23959.80    
    24000.60    
    24041.40    
    24082.20    
    24123.00    
    24163.80    
    24204.60    
    24245.40    
    24286.20    
    24327.00    
    24367.80    
    24408.60    
    24449.40    
    24490.20    
    24531.00    
    24571.80    
    24612.60    
    24653.40    
    24694.20    
    24735.00    
    24775.80    
    24816.60    
    24857.40    
    24898.20    
    24939.00    
    24979.80    
    25020.60    
    25061.40    
    25102.20    
    25143.00    
    25183.80    
    25224.60    
    25265.40    
    25306.20    
    25347.00    
    25387.80    
    25428.60    
    25469.40    
    25510.20    
    25551.00    
    25591.80    
    25632.60    
    25673.40    
    25714.20    
    25755.00    
    25795.80    
    25836.60    
    25877.40    
    25918.20    
    25959.00    
    25999.80    
    26040.60    
    26081.40    
    26122.20    
    26163.00    
    26203.80    
    26244.60    
    26285.40    
    26326.20    
    26367.00    
    26407.80    
    26448.60    
    26489.40    
    26530.20    
    26571.00    
    26611.80    
    26652.60    
    26693.40    
    26734.20    
    26775.00    
    26815.80    
    26856.60    
    26897.40    
    26938.20    
    26979.00    
    27019.80    
    27060.60    
    27101.40    
    27142.20    
    27183.00    
    27223.80    
    27264.60    
    27305.40    
    27346.20    
    27387.00    
    27427.80    
    27468.60    
    27509.40    
    27550.20    
    27591.00    
    27631.80    
    27672.60    
    27713.40    
    27754.20    
    27795.00    
    27835.80    
    27876.60    
    27917.40    
    27958.20    
    27999.00    
    28039.80    
    28080.60    
    28121.40    
    28162.20    
    28203.00    
    28243.80    
    28284.60    
    28325.40    
    28366.20    
    28407.00    
    28447.80    
    28488.60    
    28529.40    
    28570.20    
    28611.00    
    28651.80    
    28692.60    
    28733.40    
    28774.20    
    28815.00    
    28855.80    
    28896.60    
    28937.40    
    28978.20    
    29019.00    
    29059.80    
    29100.60    
    29141.40    
    29182.20    
    29223.00    
    29263.80    
    29304.60    
    29345.40    
    29386.20    
    29427.00    
    29467.80    
    29508.60    
    29549.40    
    29590.20    
    29631.00    
    29671.80    
    29712.60    
    29753.40    
    29794.20    
    29835.00    
    29875.80    
    29916.60    
    29957.40    
    29998.20    
    30039.00    
    30079.80    
    30120.60    
    30161.40    
    30202.20    
    30243.00    
    30283.80    
    30324.60    
    30365.40    
    30406.20    
    30447.00    
    30487.80    
    30528.60    
    30569.40    
    30610.20    
    30651.00    
    30691.80    
    30732.60    
    30773.40    
    30814.20    
    30855.00    
    30895.80    
    30936.60    
    30977.40    
    31018.20    
    31059.00    
    31099.80    
    31140.60    
    31181.40    
    31222.20    
    31263.00    
    31303.80    
    31344.60    
    31385.40    
    31426.20    
    31467.00    
    31507.80    
    31548.60    
    31589.40    
    31630.20    
    31671.00    
    31711.80    
    31752.60    
    31793.40    
    31834.20    
    31875.00    
    31915.80    
    31956.60    
    31997.40    
    32038.20    
    32079.00    
    32119.80    
    32160.60    
    32201.40    
    32242.20    
    32283.00    
    32323.80    
    32364.60    
    32405.40    
    32446.20    
    32487.00    
    32527.80    
    32568.60    
    32609.40    
    32650.20    
    32691.00    
    32731.80    
    32772.60    
    32813.40    
    32854.20    
    32895.00    
    32935.80    
    32976.60    
    33017.40    
    33058.20    
    33099.00    
    33139.80    
    33180.60    
    33221.40    
    33262.20    
    33303.00    
    33343.80    
    33384.60    
    33425.40    
    33466.20    
    33507.00    
    33547.80    
    33588.60    
    33629.40    
    33670.20    
    33711.00    
    33751.80    
    33792.60    
    33833.40    
    33874.20    
    33915.00    
    33955.80    
    33996.60    
    34037.40    
    34078.20    
    34119.00    
    34159.80    
    34200.60    
    34241.40    
    34282.20    
    34323.00    
    34363.80    
    34404.60    
    34445.40    
    34486.20    
    34527.00    
    34567.80    
    34608.60    
    34649.40    
    34690.20    
    34731.00    
    34771.80    
    34812.60    
    34853.40    
    34894.20    
    34935.00    
    34975.80    
    35016.60    
    35057.40    
    35098.20    
    35139.00    
    35179.80    
    35220.60    
    35261.40    
    35302.20    
    35343.00    
    35383.80    
    35424.60    
    35465.40    
    35506.20    
    35547.00    
    35587.80    
    35628.60    
    35669.40    
    35710.20    
    35751.00    
    35791.80    
    35832.60    
    35873.40    
    35914.20    
    35955.00    
    35995.80    
    36036.60    
    36077.40    
    36118.20    
    36159.00    
    36199.80    
    36240.60    
    36281.40    
    36322.20    
    36363.00    
    36403.80    
    36444.60    
    36485.40    
    36526.20    
    36567.00    
    36607.80    
    36648.60    
    36689.40    
    36730.20    
    36771.00    
    36811.80    
    36852.60    
    36893.40    
    36934.20    
    36975.00    
    37015.80    
    37056.60    
    37097.40    
    37138.20    
    37179.00    
    37219.80    
    37260.60    
    37301.40    
    37342.20    
    37383.00    
    37423.80    
    37464.60    
    37505.40    
    37546.20    
    37587.00    
    37627.80    
    37668.60    
    37709.40    
    37750.20    
    37791.00    
    37831.80    
    37872.60    
    37913.40    
    37954.20    
    37995.00    
    38035.80    
    38076.60    
    38117.40    
    38158.20    
    38199.00    
    38239.80    
    38280.60    
    38321.40    
    38362.20    
    38403.00    
    38443.80    
    38484.60    
    38525.40    
    38566.20    
    38607.00    
    38647.80    
    38688.60    
    38729.40    
    38770.20    
    38811.00    
    38851.80    
    38892.60    
    38933.40    
    38974.20    
    39015.00    
    39055.80    
    39096.60    
    39137.40    
    39178.20    
    39219.00    
    39259.80    
    39300.60    
    39341.40    
    39382.20    
    39423.00    
    39463.80    
    39504.60    
    39545.40    
    39586.20    
    39627.00    
    39667.80    
    39708.60    
    39749.40    
    39790.20    
    39831.00    
    39871.80    
    39912.60    
    39953.40    
    39994.20    
    40035.00    
    40075.80    
    40116.60    
    40157.40    
    40198.20    
    40239.00    
    40279.80    
    40320.60    
    40361.40    
    40402.20    
    40443.00    
    40483.80    
    40524.60    
    40565.40    
    40606.20    
    40647.00    
    40687.80    
    40728.60    
    40769.40    
    40810.20    
    40851.00    
    40891.80    
    40932.60    
    40973.40    
    41014.20    
    41055.00    
    41095.80    
    41136.60    
    41177.40    
    41218.20    
    41259.00    
    41299.80    
    41340.60    
    41381.40    
    41422.20    
    41463.00    
    41503.80    
    41544.60    
    41585.40    
    41626.20    
    41667.00    
    41707.80    
    41748.60    
    41789.40    
    41830.20    
    41871.00    
    41911.80    
    41952.60    
    41993.40    
    42034.20    
    42075.00    
    42115.80    
    42156.60    
    42197.40    
    42238.20    
    42279.00    
    42319.80    
    42360.60    
    42401.40    
    42442.20    
    42483.00    
    42523.80    
    42564.60    
    42605.40    
    42646.20    
    42687.00    
    42727.80    
    42768.60    
    42809.40    
    42850.20    
    42891.00    
    42931.80    
    42972.60    
    43013.40    
    43054.20    
    43095.00    
    43135.80    
    43176.60    
    43217.40    
    43258.20    
    43299.00    
    43339.80    
    43380.60    
    43421.40    
    43462.20    
    43503.00    
    43543.80    
    43584.60    
    43625.40    
    43666.20    
    43707.00    
    43747.80    
    43788.60    
    43829.40    
    43870.20    
    43911.00    
    43951.80    
    43992.60    
    44033.40    
    44074.20    
    44115.00    
    44155.80    
    44196.60    
    44237.40    
    44278.20    
    44319.00    
    44359.80    
    44400.60    
    44441.40    
    44482.20    
    44523.00    
    44563.80    
    44604.60    
    44645.40    
    44686.20    
    44727.00    
    44767.80    
    44808.60    
    44849.40    
    44890.20    
    44931.00    
    44971.80    
    45012.60    
    45053.40    
    45094.20    
    45135.00    
    45175.80    
    45216.60    
    45257.40    
    45298.20    
    45339.00    
    45379.80    
    45420.60    
    45461.40    
    45502.20    
    45543.00    
    45583.80    
    45624.60    
    45665.40    
    45706.20    
    45747.00    
    45787.80    
    45828.60    
    45869.40    
    45910.20    
    45951.00    
    45991.80    
    46032.60    
    46073.40    
    46114.20    
    46155.00    
    46195.80    
    46236.60    
    46277.40    
    46318.20    
    46359.00    
    46399.80    
    46440.60    
    46481.40    
    46522.20    
    46563.00    
    46603.80    
    46644.60    
    46685.40    
    46726.20    
    46767.00    
    46807.80    
    46848.60    
    46889.40    
    46930.20    
    46971.00    
    47011.80    
    47052.60    
    47093.40    
    47134.20    
    47175.00    
    47215.80    
    47256.60    
    47297.40    
    47338.20    
    47379.00    
    47419.80    
    47460.60    
    47501.40    
    47542.20    
    47583.00    
    47623.80    
    47664.60    
    47705.40    
    47746.20    
    47787.00    
    47827.80    
    47868.60    
    47909.40    
    47950.20    
    47991.00    
    48031.80    
    48072.60    
    48113.40    
    48154.20    
    48195.00    
    48235.80    
    48276.60    
    48317.40    
    48358.20    
    48399.00    
    48439.80    
    48480.60    
    48521.40    
    48562.20    
    48603.00    
    48643.80    
    48684.60    
    48725.40    
    48766.20    
    48807.00    
    48847.80    
    48888.60    
    48929.40    
    48970.20    
    49011.00    
    49051.80    
    49092.60    
    49133.40    
    49174.20    
    49215.00    
    49255.80    
    49296.60    
    49337.40    
    49378.20    
    49419.00    
    49459.80    
    49500.60    
    49541.40    
    49582.20    
    49623.00    
    49663.80    
    49704.60    
    49745.40    
    49786.20    
    49827.00    
    49867.80    
    49908.60    
    49949.40    
    49990.20    
    50031.00    
    50071.80    
    50112.60    
    50153.40    
    50194.20    
    50235.00    
    50275.80    
    50316.60    
    50357.40    
    50398.20    
    50439.00    
    50479.80    
    50520.60    
    50561.40    
    50602.20    
    50643.00    
    50683.80    
    50724.60    
    50765.40    
    50806.20    
    50847.00    
    50887.80    
    50928.60    
    50969.40    
    51010.20    
    51051.00    
    51091.80    
    51132.60    
    51173.40    
    51214.20    
    51255.00    
    51295.80    
    51336.60    
    51377.40    
    51418.20    
    51459.00    
    51499.80    
    51540.60    
    51581.40    
    51622.20    
    51663.00    
    51703.80    
    51744.60    
    51785.40    
    51826.20    
    51867.00    
    51907.80    
    51948.60    
    51989.40    
    52030.20    
    52071.00    
    52111.80    
    52152.60    
    52193.40    
    52234.20    
    52275.00    
    52315.80    
    52356.60    
    52397.40    
    52438.20    
    52479.00    
    52519.80    
    52560.60    
    52601.40    
    52642.20    
    52683.00    
    52723.80    
    52764.60    
    52805.40    
    52846.20    
    52887.00    
    52927.80    
    52968.60    
    53009.40    
    53050.20    
    53091.00    
    53131.80    
    53172.60    
    53213.40    
    53254.20    
    53295.00    
    53335.80    
    53376.60    
    53417.40    
    53458.20    
    53499.00    
    53539.80    
    53580.60    
    53621.40    
    53662.20    
    53703.00    
    53743.80    
    53784.60    
    53825.40    
    53866.20    
    53907.00    
    53947.80    
    53988.60    
    54029.40    
    54070.20    
    54111.00    
    54151.80    
    54192.60    
    54233.40    
    54274.20    
    54315.00    
    54355.80    
    54396.60    
    54437.40    
    54478.20    
    54519.00    
    54559.80    
    54600.60    
    54641.40    
    54682.20    
    54723.00    
    54763.80    
    54804.60    
    54845.40    
    54886.20    
    54927.00    
    54967.80    
    55008.60    
    55049.40    
    55090.20    
    55131.00    
    55171.80    
    55212.60    
    55253.40    
    55294.20    
    55335.00    
    55375.80    
    55416.60    
    55457.40    
    55498.20    
    55539.00    
    55579.80    
    55620.60    
    55661.40    
    55702.20    
    55743.00    
    55783.80    
    55824.60    
    55865.40    
    55906.20    
    55947.00    
    55987.80    
    56028.60    
    56069.40    
    56110.20    
    56151.00    
    56191.80    
    56232.60    
    56273.40    
    56314.20    
    56355.00    
    56395.80    
    56436.60    
    56477.40    
    56518.20    
    56559.00    
    56599.80    
    56640.60    
    56681.40    
    56722.20    
    56763.00    
    56803.80    
    56844.60    
    56885.40    
    56926.20    
    56967.00    
    57007.80    
    57048.60    
    57089.40    
    57130.20    
    57171.00    
    57211.80    
    57252.60    
    57293.40    
    57334.20    
    57375.00    
    57415.80    
    57456.60    
    57497.40    
    57538.20    
    57579.00    
    57619.80    
    57660.60    
    57701.40    
    57742.20    
    57783.00    
    57823.80    
    57864.60    
    57905.40    
    57946.20    
    57987.00    
    58027.80    
    58068.60    
    58109.40    
    58150.20    
    58191.00    
    58231.80    
    58272.60    
    58313.40    
    58354.20    
    58395.00    
    58435.80    
    58476.60    
    58517.40    
    58558.20    
    58599.00    
    58639.80    
    58680.60    
    58721.40    
    58762.20    
    58803.00    
    58843.80    
    58884.60    
    58925.40    
    58966.20    
    59007.00    
    59047.80    
    59088.60    
    59129.40    
    59170.20    
    59211.00    
    59251.80    
    59292.60    
    59333.40    
    59374.20    
    59415.00    
    59455.80    
    59496.60    
    59537.40    
    59578.20    
    59619.00    
    59659.80    
    59700.60    
    59741.40    
    59782.20    
    59823.00    
    59863.80    
    59904.60    
    59945.40    
    59986.20    
    60027.00    
    60067.80    
    60108.60    
    60149.40    
    60190.20    
    60231.00    
    60271.80    
    60312.60    
    60353.40    
    60394.20    
    60435.00    
    60475.80    
    60516.60    
    60557.40    
    60598.20    
    60639.00    
    60679.80    
    60720.60    
    60761.40    
    60802.20    
    60843.00    
    60883.80    
    60924.60    
    60965.40    
    61006.20    
    61047.00    
    61087.80    
    61128.60    
    61169.40    
    61210.20    
    61251.00    
    61291.80    
    61332.60    
    61373.40    
    61414.20    
    61455.00    
    61495.80    
    61536.60    
    61577.40    
    61618.20    
    61659.00    
    61699.80    
    61740.60    
    61781.40    
    61822.20    
    61863.00    
    61903.80    
    61944.60    
    61985.40    
    62026.20    
    62067.00    
    62107.80    
    62148.60    
    62189.40    
    62230.20    
    62271.00    
    62311.80    
    62352.60    
    62393.40    
    62434.20    
    62475.00    
    62515.80    
    62556.60    
    62597.40    
    62638.20    
    62679.00    
    62719.80    
    62760.60    
    62801.40    
    62842.20    
    62883.00    
    62923.80    
    62964.60    
    63005.40    
    63046.20    
    63087.00    
    63127.80    
    63168.60    
    63209.40    
    63250.20    
    63291.00    
    63331.80    
    63372.60    
    63413.40    
    63454.20    
    63495.00    
    63535.80    
    63576.60    
    63617.40    
    63658.20    
    63699.00    
    63739.80    
    63780.60    
    63821.40    
    63862.20    
    63903.00    
    63943.80    
    63984.60    
    64025.40    
    64066.20    
    64107.00    
    64147.80    
    64188.60    
    64229.40    
    64270.20    
    64311.00    
    64351.80    
    64392.60    
    64433.40    
    64474.20    
    64515.00    
    64555.80    
    64596.60    
    64637.40    
    64678.20    
    64719.00    
    64759.80    
    64800.60    
    64841.40    
    64882.20    
    64923.00    
    64963.80    
    65004.60    
    65045.40    
    65086.20    
    65127.00    
    65167.80    
    65208.60    
    65249.40    
    65290.20    
    65331.00    
    65371.80    
    65412.60    
    65453.40    
    65494.20    
    65535.00    
    65575.80    
    65616.60    
    65657.40    
    65698.20    
    65739.00    
    65779.80    
    65820.60    
    65861.40    
    65902.20    
    65943.00    
    65983.80    
    66024.60    
    66065.40    
    66106.20    
    66147.00    
    66187.80    
    66228.60    
    66269.40    
    66310.20    
    66351.00    
    66391.80    
    66432.60    
    66473.40    
    66514.20    
    66555.00    
    66595.80    
    66636.60    
    66677.40    
    66718.20    
    66759.00    
    66799.80    
    66840.60    
    66881.40    
    66922.20    
    66963.00    
    67003.80    
    67044.60    
    67085.40    
    67126.20    
    67167.00    
    67207.80    
    67248.60    
    67289.40    
    67330.20    
    67371.00    
    67411.80    
    67452.60    
    67493.40    
    67534.20    
    67575.00    
    67615.80    
    67656.60    
    67697.40    
    67738.20    
    67779.00    
    67819.80    
    67860.60    
    67901.40    
    67942.20    
    67983.00    
    68023.80    
    68064.60    
    68105.40    
    68146.20    
    68187.00    
    68227.80    
    68268.60    
    68309.40    
    68350.20    
    68391.00    
    68431.80    
    68472.60    
    68513.40    
    68554.20    
    68595.00    
    68635.80    
    68676.60    
    68717.40    
    68758.20    
    68799.00    
    68839.80    
    68880.60    
    68921.40    
    68962.20    
    69003.00    
    69043.80    
    69084.60    
    69125.40    
    69166.20    
    69207.00    
    69247.80    
    69288.60    
    69329.40    
    69370.20    
    69411.00    
    69451.80    
    69492.60    
    69533.40    
    69574.20    
    69615.00    
    69655.80    
    69696.60    
    69737.40    
    69778.20    
    69819.00    
    69859.80    
    69900.60    
    69941.40    
    69982.20    
    70023.00    
    70063.80    
    70104.60    
    70145.40    
    70186.20    
    70227.00    
    70267.80    
    70308.60    
    70349.40    
    70390.20    
    70431.00    
    70471.80    
    70512.60    
    70553.40    
    70594.20    
    70635.00    
    70675.80    
    70716.60    
    70757.40    
    70798.20    
    70839.00    
    70879.80    
    70920.60    
    70961.40    
    71002.20    
    71043.00    
    71083.80    
    71124.60    
    71165.40    
    71206.20    
    71247.00    
    71287.80    
    71328.60    
    71369.40    
    71410.20    
    71451.00    
    71491.80    
    71532.60    
    71573.40    
    71614.20    
    71655.00    
    71695.80    
    71736.60    
    71777.40    
    71818.20    
    71859.00    
    71899.80    
    71940.60    
    71981.40    
    72022.20    
    72063.00    
    72103.80    
    72144.60    
    72185.40    
    72226.20    
    72267.00    
    72307.80    
    72348.60    
    72389.40    
    72430.20    
    72471.00    
    72511.80    
    72552.60    
    72593.40    
    72634.20    
    72675.00    
    72715.80    
    72756.60    
    72797.40    
    72838.20    
    72879.00    
    72919.80    
    72960.60    
    73001.40    
    73042.20    
    73083.00    
    73123.80    
    73164.60    
    73205.40    
    73246.20    
    73287.00    
    73327.80    
    73368.60    
    73409.40    
    73450.20    
    73491.00    
    73531.80    
    73572.60    
    73613.40    
    73654.20    
    73695.00    
    73735.80    
    73776.60    
    73817.40    
    73858.20    
    73899.00    
    73939.80    
    73980.60    
    74021.40    
    74062.20    
    74103.00    
    74143.80    
    74184.60    
    74225.40    
    74266.20    
    74307.00    
    74347.80    
    74388.60    
    74429.40    
    74470.20    
    74511.00    
    74551.80    
    74592.60    
    74633.40    
    74674.20    
    74715.00    
    74755.80    
    74796.60    
    74837.40    
    74878.20    
    74919.00    
    74959.80    
    75000.60    
    75041.40    
    75082.20    
    75123.00    
    75163.80    
    75204.60    
    75245.40    
    75286.20    
    75327.00    
    75367.80    
    75408.60    
    75449.40    
    75490.20    
    75531.00    
    75571.80    
    75612.60    
    75653.40    
    75694.20    
    75735.00    
    75775.80    
    75816.60    
    75857.40    
    75898.20    
    75939.00    
    75979.80    
    76020.60    
    76061.40    
    76102.20    
    76143.00    
    76183.80    
    76224.60    
    76265.40    
    76306.20    
    76347.00    
    76387.80    
    76428.60    
    76469.40    
    76510.20    
    76551.00    
    76591.80    
    76632.60    
    76673.40    
    76714.20    
    76755.00    
    76795.80    
    76836.60    
    76877.40    
    76918.20    
    76959.00    
    76999.80    
    77040.60    
    77081.40    
    77122.20    
    77163.00    
    77203.80    
    77244.60    
    77285.40    
    77326.20    
    77367.00    
    77407.80    
    77448.60    
    77489.40    
    77530.20    
    77571.00    
    77611.80    
    77652.60    
    77693.40    
    77734.20    
    77775.00    
    77815.80    
    77856.60    
    77897.40    
    77938.20    
    77979.00    
    78019.80    
    78060.60    
    78101.40    
    78142.20    
    78183.00    
    78223.80    
    78264.60    
    78305.40    
    78346.20    
    78387.00    
    78427.80    
    78468.60    
    78509.40    
    78550.20    
    78591.00    
    78631.80    
    78672.60    
    78713.40    
    78754.20    
    78795.00    
    78835.80    
    78876.60    
    78917.40    
    78958.20    
    78999.00    
    79039.80    
    79080.60    
    79121.40    
    79162.20    
    79203.00    
    79243.80    
    79284.60    
    79325.40    
    79366.20    
    79407.00    
    79447.80    
    79488.60    
    79529.40    
    79570.20    
    79611.00    
    79651.80    
    79692.60    
    79733.40    
    79774.20    
    79815.00    
    79855.80    
    79896.60    
    79937.40    
    79978.20    
    80019.00    
    80059.80    
    80100.60    
    80141.40    
    80182.20    
    80223.00    
    80263.80    
    80304.60    
    80345.40    
    80386.20    
    80427.00    
    80467.80    
    80508.60    
    80549.40    
    80590.20    
    80631.00    
    80671.80    
    80712.60    
    80753.40    
    80794.20    
    80835.00    
    80875.80    
    80916.60    
    80957.40    
    80998.20    
    81039.00    
    81079.80    
    81120.60    
    81161.40    
    81202.20    
    81243.00    
    81283.80    
    81324.60    
    81365.40    
    81406.20    
    81447.00    
    81487.80    
    81528.60    
    81569.40    
    81610.20    
    81651.00    
    81691.80    
    81732.60    
    81773.40    
    81814.20    
    81855.00    
    81895.80    
    81936.60    
    81977.40    
    82018.20    
    82059.00    
    82099.80    
    82140.60    
    82181.40    
    82222.20    
    82263.00    
    82303.80    
    82344.60    
    82385.40    
    82426.20    
    82467.00    
    82507.80    
    82548.60    
    82589.40    
    82630.20    
    82671.00    
    82711.80    
    82752.60    
    82793.40    
    82834.20    
    82875.00    
    82915.80    
    82956.60    
    82997.40    
    83038.20    
    83079.00    
    83119.80    
    83160.60    
    83201.40    
    83242.20    
    83283.00    
    83323.80    
    83364.60    
    83405.40    
    83446.20    
    83487.00    
    83527.80    
    83568.60    
